23.03608646 93.87595163 84.14521841
84.34257054 45.80797572 76.34344310
54.32276518 103.48254400 4.81602858
3.59371862 47.53321530 2.22498610
38.89746809 6.56036675 61.35741366
24.78360774 8.30152183 29.69512928
70.18096371 42.51983460 28.85160808
66.38989296 62.10225879 29.85428423
100.34400852 87.37288066 58.16794860
71.80752722 96.91581105 30.43360822
51.91952554 88.99626108 83.60727471
63.35003355 68.13741424 39.53727096
36.59290452 28.03036858 70.20006230
53.50470877 78.67028837 50.99324377
19.23546642 7.78585982 98.85113515
80.81888010 23.10293154 83.06296480
76.26068253 24.76132605 43.91084880
37.56374967 81.50006326 18.38557903
40.89645418 95.29561373 24.02284711
101.36578326 17.33515640 36.03904531
100.46496628 84.96327482 13.88149414
10.64746569 30.66279134 31.70684776
38.56642581 86.15057070 18.15957901
46.70242650 80.08995046 62.43330108
61.57704748 9.63524025 90.36817669
6.98690200 32.22569288 33.06603098
82.99293662 24.74859365 64.76014634
85.64445798 24.92366409 22.38355120
25.67805852 87.39197925 85.27521851
70.12366793 5.43354976 62.97761098
84.14203531 34.46341138 77.41933052
95.61710671 61.21735731 23.51036819
18.01315646 84.74364100 77.04690795
5.41763426 47.05893357 93.06426142
19.34050868 37.39504543 49.61814506
34.57481984 30.44952371 91.53000777
7.20971892 10.61245161 33.77267892
80.47510542 38.10487648 45.52786302
18.22960718 8.00867674 62.99034338
7.57577529 80.06130257 13.03797294
103.16423411 31.10842518 3.66374679
23.51355129 80.26183780 35.32921427
92.60589519 40.41898935 20.31772004
11.63104324 7.69036685 38.15262296
52.73121575 91.96609232 35.16369313
84.34893674 63.89752655 88.55699344
81.62102102 82.57276757 64.88110410
20.61693133 88.65885260 53.88668063
89.92572595 66.80051271 84.25662687
47.83242660 59.31386419 103.07829044
17.63755079 77.25699248 92.23983882
80.95257025 97.89938859 1.98943679
34.35200292 49.78048310 9.97901493
68.73265372 41.57445423 35.06183396
22.93741040 50.34070850 46.10400391
36.71386227 69.41701998 90.87110631
50.56352542 46.32045464 19.92301578
52.25693401 14.89371957 34.38065081
46.90932793 51.75400439 30.28081947
15.23749425 25.93588953 29.02986162
66.31668169 36.37008760 102.26023404
93.31254313 89.91935975 95.40383909
14.13932514 11.07081784 50.85000432
40.19935553 31.44583366 1.73160578
10.81298683 81.10854210 57.72231476
54.63789196 15.27887454 93.36347272
67.23341416 39.05662303 89.39414844
7.50574712 94.01600798 10.79707134
61.29056858 91.65414863 23.95918513
66.77186482 11.47507140 85.82271151
14.51811391 89.73792311 8.54662044
59.87727269 19.91983268 90.56871192
34.20239727 77.94454183 80.90482377
30.00070677 9.48245151 80.55468290
65.46042809 35.82259459 95.00595173
92.15071205 102.39710729 1.76343677
29.85746732 79.20504898 81.29316183
5.52904272 80.89845757 88.05724691
86.45933129 10.77478965 72.39958361
92.02975429 34.19284797 81.85020413
6.54126816 72.61921743 68.05465367
97.57152941 100.64640291 77.27290797
85.69538756 88.60155682 101.02200858
48.36400411 56.30265267 80.39871105
80.07721807 0.36287327 23.73318511
44.72890521 73.24628791 26.85262200
98.41823371 93.43031779 32.30845345
88.58564132 63.24180819 57.13344147
59.22155432 2.99847913 43.82490513
42.84451068 102.33026221 3.54915523
95.26059964 17.84763532 98.90524784
51.40704662 66.81324511 12.92338138
60.66668121 96.40014903 97.22457164
78.43473905 42.74583462 66.76868173
17.65028319 96.72482511 10.49786005
29.84473493 100.99654379 66.87372399
68.79313260 42.65034165 52.19963824
46.60056734 75.69090784 72.28180895
42.33203176 87.85352859 5.16935255
68.10240015 35.73346782 78.07186578
71.30778070 19.45828334 99.25220561
77.09783753 95.64893770 93.45259948
54.12222995 18.69115652 50.62400430
60.72079389 12.14988836 96.74392371
9.16732472 85.53623262 52.42882135
79.31645744 77.37158403 2.03081707
58.78865288 17.95586068 0.63025357
91.67961342 60.21468117 73.87654148
63.16223072 66.57769579 8.40974719
51.00279306 50.79589164 3.77833835
64.83972382 8.11053590 87.33786657
39.56273575 18.51290298 36.72341157
10.10315579 65.56228726 54.23045531
55.53552584 51.86222976 94.90409257
32.23842527 2.67698614 16.30701547
36.95259469 20.55963555 27.23777696
70.39104823 75.40124584 2.19952131
38.53459482 40.28211610 29.09352360
92.46583884 37.78338349 7.54712740
97.18319135 70.82394968 8.09462041
63.65879414 39.33036954 86.71397919
16.42160703 78.69257006 84.61313395
91.40586692 14.44490264 103.14195242
104.23693843 38.22901733 33.23473522
5.54177512 33.65172117 89.51192309
44.83394747 5.07385959 8.85538103
12.10850807 67.70769589 55.37000470
89.74747241 20.34318483 102.06288191
51.56301846 17.12188878 57.87828660
54.78749761 68.48118891 23.46898791
90.19947245 74.50042886 98.74927599
15.05287452 68.12149874 100.39812120
63.23544199 22.96924139 47.93746886
88.52834555 84.08155644 75.01290778
67.32572403 32.04425624 19.70656505
91.38676832 54.03946938 91.72099370
25.07008664 42.18879231 96.60705046
57.63318799 93.58947274 30.95563643
102.46395236 22.76233996 31.12115757
20.66149471 7.12059215 29.24949544
8.70895849 13.82738146 81.34727451
46.51780677 15.47304357 90.21857104
100.97107900 27.12636850 70.72845671
55.36682160 19.89755099 45.99577855
88.40102159 11.96845172 49.74546901
54.81296240 62.04496301 39.60093294
65.93152673 83.21257045 83.51496484
102.74406506 28.61605877 12.01619820
26.98631215 99.35724787 65.69916051
44.27690517 78.44110525 58.67724442
48.99425768 8.04050773 76.43256987
45.82389122 49.86960987 88.56017653
92.51676842 102.47668476 60.85766714
38.05712999 83.47040145 29.61555181
81.90431681 100.02251554 31.38217168
51.93544103 31.54132662 1.07270432
10.26549383 101.33395227 12.58597290
33.85225640 40.62270767 80.70747164
58.08518803 99.77423382 95.01868412
3.14808477 62.95851239 99.61189578
61.69800524 40.93465136 1.07588742
14.51174771 17.96222688 22.34853711
100.59865643 71.33961169 33.14242535
45.04721509 38.24811592 27.04679103
42.12831344 27.33008683 3.56188763
53.38056791 72.66059772 82.43271123
58.42259651 63.74473781 35.18279172
14.58177589 45.19363764 1.84619734
69.49659745 65.29172385 20.64876232
13.18121239 95.46750106 83.87783811
97.69248717 98.47871259 83.47358455
85.10651427 89.28273998 47.63825757
4.81284548 98.09037453 26.89718538
87.74848632 39.00251035 78.95676727
70.50563979 18.85031146 102.48305096
86.12510590 47.98203224 87.25192290
5.80597232 30.38267864 61.37332916
14.16478994 33.93820006 33.10741126
103.31065666 55.18856807 23.32256536
78.98223206 16.69853663 91.30400775
68.08966775 100.80237476 35.58704528
1.00585924 94.58896578 17.23329724
6.98053580 26.15870645 80.72338714
26.63298818 34.81673535 0.46791553
36.70112988 51.98637061 19.96439606
12.35360668 63.41369553 100.32490993
3.11307069 15.17701537 22.31988922
14.45445193 36.02312982 17.90811420
71.75659764 67.47532967 27.73115728
38.01256661 38.98341176 43.46839806
64.41637167 93.67541641 30.22352369
27.96988970 84.86459876 43.02594732
39.45451039 30.15667862 36.14408758
68.96183684 19.39143827 95.75716306
17.22693104 52.66118757 52.95721576
14.37805756 74.88240072 94.66854325
2.56876078 71.68656947 98.36412103
9.42197263 48.68868019 72.66378082
102.99871297 52.08504668 34.78490436
97.57789561 77.76628829 73.10623156
10.61881780 34.25969305 17.77124095
15.51124075 103.45389611 78.91220388
20.33681863 35.23053820 7.07284567
31.74822805 11.37321223 28.02400238
22.82918504 13.67777581 47.46318713
78.62572499 19.63017068 100.83420575
69.34062561 57.38172318 84.00516206
10.83208543 79.83530255 37.68152433
60.24014596 18.82802977 34.07507332
40.82324290 8.51797255 70.47699190
46.47324338 35.56794668 99.82198031
99.01983939 73.88927388 99.21400842
102.08834670 18.83439597 58.92870923
43.03867971 47.60006038 30.95245333
17.21419864 102.14245938 1.78253536
78.09414748 68.70718893 20.19994538
57.91330069 82.15259853 103.28837497
65.68642811 65.58456895 41.73997538
74.84738664 58.35256834 8.81400075
58.22524438 92.67274026 46.88068004
20.11400171 97.96305057 52.61344109
7.70628234 80.65654206 62.98397718
51.23515928 72.53009067 101.58860018
51.69352552 27.76935447 23.42760762
21.69600184 18.15639591 57.58544151
1.53425365 6.36301462 46.65786312
76.11107689 0.74166203 99.61826198
84.40941562 55.98115968 86.72352849
101.66181145 61.24918830 78.17054185
40.01155269 26.77941072 41.31344013
98.62195204 17.09005779 44.90715874
78.46338694 16.24653659 48.16665198
65.32673794 50.90730010 55.04532862
100.25806485 23.12839633 62.84392083
97.78161394 11.22678969 78.33924609
85.66673967 75.28983738 88.46468357
0.07639437 42.03600357 78.46975314
13.28307155 100.08299441 43.06096140
24.80907253 62.99352648 30.71053782
43.88538401 26.73803044 18.93625513
39.93834142 55.20130046 30.83786177
53.23732846 45.17135595 14.36214206
61.10276575 12.06712779 75.44262612
36.43056647 52.50521573 32.27980556
51.27972266 44.49017279 86.52617636
56.51592029 52.94766647 21.09757926
14.88098718 36.27141153 89.31457096
88.81482444 13.24487436 56.93927244
100.82465645 97.13862797 8.21239506
88.22595115 43.35698960 9.81667689
40.73093304 54.18270883 56.18487801
39.79510197 30.83149558 30.58003077
39.38129912 52.57206080 12.21036723
104.15099476 1.41329589 5.86326810
100.89468462 74.04524572 80.80933081
4.35766234 35.25281989 22.06842441
66.90555498 71.71840046 60.34518822
21.65143846 77.64214744 38.97067937
76.49941495 53.46014538 30.91107305
103.36795244 4.12211303 19.15270585
33.54031271 39.64231323 77.02780936
73.98476685 22.38036810 28.91208696
37.50327079 81.94569710 55.91431461
57.75414575 13.48042368 74.27124574
99.17581124 2.74064812 69.30242842
97.76251534 74.54817534 64.79516043
63.07310395 82.08575345 64.32087870
18.07363534 35.53293259 94.34386717
81.57327453 66.84189300 51.51527198
45.40372217 25.41704441 1.87484523
31.84372101 50.81499023 71.58471030
75.64316135 61.31921647 93.56719104
28.34231227 79.29099265 41.74315847
87.13414824 99.07395207 40.56859499
10.09678959 29.22084755 16.93408594
68.83451289 95.10144470 92.91465578
54.36732856 76.34026000 32.77000278
14.28574769 85.80042982 22.46312867
47.26265190 72.62558363 102.59445942
95.17783907 76.07287970 4.17940881
63.51873779 56.82468088 90.90293730
83.74096486 86.83493695 10.24002904
27.15183329 34.18011558 69.94859749
92.52631772 37.65287644 51.39431422
17.42110007 25.61757964 28.71473483
18.84076216 63.60149836 0.17188734
98.44051540 83.10752818 62.73569547
40.75321473 3.09715519 77.45434461
27.61019953 58.95099092 1.64884521
26.07276278 37.87251026 37.10220033
56.87242736 50.44256766 64.65192098
45.98941236 56.11803293 33.06284788
1.53107055 60.61256853 11.87295875
71.79797793 35.54248189 7.64580347
88.96124699 98.38321962 83.68048598
8.62301482 44.45834180 7.22881752
97.48240264 0.78304232 13.11755041
24.02921331 65.48270979 55.65011740
34.04642543 52.68028616 55.80608925
55.69149769 42.88589097 67.45623108
49.15341262 19.81797351 94.25792350
32.58856615 47.74011673 35.92445375
94.46800802 51.18422970 65.68324501
96.84578287 19.91028338 53.10682141
103.60668485 47.76239842 11.59921225
12.01938130 41.34208802 64.46411815
44.16549671 10.38326849 81.78335906
12.77695883 87.48428912 28.40597424
41.09698941 78.57797850 2.84250728
7.84315560 4.86377506 11.89205735
50.44575076 63.43916032 19.61107209
13.20986028 16.78129720 37.03217216
87.67527505 83.91921839 28.91527006
40.24391891 12.33769119 34.58118604
21.24718490 33.43527044 48.27487734
102.10744529 86.85721864 26.73166424
93.02924734 38.50594693 101.79231850
100.90105082 28.79749540 88.21958496
11.83476157 50.79907474 1.65521141
46.21541238 76.46440086 84.45079590
26.65208677 96.73755751 74.71051339
101.65544525 67.48806207 85.74631714
64.26039982 9.24690219 17.84445222
76.30524592 21.10076236 11.09946573
65.33947034 34.00186204 8.20921196
91.28809226 103.78175529 61.30648408
1.37828181 46.45414479 58.82685007
87.75166942 60.99454039 52.84580730
66.31031549 63.49645610 101.74775512
43.59253891 79.57110535 32.38484782
64.97978017 22.07797371 19.88481859
57.09842738 53.14501860 29.75242506
20.26360735 61.76485032 2.40642274
37.34093275 48.57090553 33.22836902
20.10763551 92.83189521 50.35344090
22.86101603 27.35555162 50.76724375
95.92905040 31.21665054 65.94107602
20.51188907 39.58820054 0.44563384
73.33859778 11.22997278 24.00374852
87.25510600 67.80955505 15.46667737
86.04871153 85.31341569 68.84406218
52.19645514 92.85417690 47.37724346
69.18147066 55.26496244 37.40141163
37.32501725 9.44425432 66.75594933
45.06949678 19.30231150 71.61972439
16.10011404 4.55183137 95.10462779
25.83084726 28.59059398 2.89661996
100.37902261 102.96051579 71.00538631
3.76560595 98.24634637 100.80874095
55.18220187 22.29442443 37.74836940
102.84592423 39.84921465 48.66003230
69.10507629 44.31510235 51.16831420
54.65062436 38.22265113 63.44234342
29.57735462 44.84349677 88.69704979
39.75053859 83.55316202 87.63071167
33.33022818 11.53236718 26.26056561
25.43295991 0.28329580 41.02377813
10.66019809 19.46146644 25.16239650
86.68851440 27.97625590 45.05676439
76.11744308 34.02414373 103.96319193
33.15515774 74.98425989 87.00364119
83.29214792 70.89397785 10.37690229
103.44116371 35.04910157 32.53127037
67.03924513 54.33231447 87.24237361
89.02809207 101.08885365 46.63558142
6.44259210 0.37242257 55.01349763
30.08665044 38.21946803 49.29665207
37.92980604 90.92203589 91.17668380
60.23696286 100.50634656 97.15772656
92.23347262 98.88296614 15.54943794
50.65583529 84.11657052 94.16561363
82.06347176 7.13969075 58.90961064
13.06980393 59.88363889 52.15825795
43.21056705 59.21200503 79.42149970
56.87879356 79.17640109 71.44465395
95.56299403 58.88732894 102.96688198
97.41237447 103.91226234 100.40130430
54.36096236 22.95014279 26.80487552
49.40806053 16.34202956 68.91727346
34.69896069 76.63628820 90.15172596
20.87476234 33.72493244 15.55898724
85.85135940 66.09704787 35.97220024
37.76110180 64.63918859 14.12977585
59.76268113 26.38470647 93.36665582
46.21859547 32.61084784 88.93578220
22.92786110 37.29955246 12.97431096
9.35512755 49.90144086 74.43040069
56.11166674 80.68200685 49.71045493
40.23436961 75.10203455 55.86020193
12.89473349 29.84791803 44.43606011
41.80363735 100.43950149 32.21296048
20.73788908 17.88264941 57.36580769
36.78070735 15.32025482 63.25135748
89.14904982 27.94124181 97.88983930
56.66552594 35.19870721 26.48974873
76.54079523 75.78640080 61.47200522
58.77592048 20.58510034 41.28797534
72.29454135 4.64414124 103.93454404
43.24239804 100.23896626 57.54087813
72.25634416 23.10929774 21.49546661
79.04271094 45.05994749 21.11986095
41.45667958 35.40242554 4.76828210
51.31473675 49.31893377 2.71518333
1.59791563 20.03124114 47.37087726
11.76473339 87.25828910 0.57614089
18.60521285 58.50535708 81.95206330
27.85211504 3.88338061 56.37904704
75.03837257 23.48808650 78.62254189
28.59377708 21.09439616 31.22301674
77.42569672 60.01732904 103.87724826
26.88763609 57.77324434 100.63685362
73.09668226 50.71949726 99.09941687
20.56281865 77.47980940 14.33031108
71.20273844 92.72048675 16.42797323
98.97209291 52.75031434 39.18713009
67.14747049 21.59095958 94.97412074
66.06521688 44.29282066 30.26808708
12.48729683 43.87901781 46.46369409
20.75698768 12.75786024 31.08296039
98.17950129 3.29769042 70.92899194
94.39161365 45.86527150 56.95200484
60.22741356 50.76406065 8.95724020
82.91972535 19.22910022 89.31138787
67.81592125 36.58972142 100.97744519
58.38121622 15.76588866 71.73113285
43.44929946 90.69285277 10.48194455
39.87786254 17.56752262 77.91271084
21.52093140 75.83096419 53.91851162
46.54645466 20.44186089 55.15037088
73.03938648 44.80529958 78.19918974
4.78101449 56.90107525 94.84361369
67.67904800 12.10532497 93.56400794
78.60662639 16.99456482 79.77164058
69.72578057 76.50578114 104.19874124
99.62781128 96.55612087 73.56778089
17.44338176 26.67755156 45.68065177
45.50239823 66.98831555 43.31879241
27.85529814 78.00183761 96.34603635
60.90223052 43.03549661 91.88333175
100.73552968 71.19000605 82.97065493
66.28485070 18.14684661 10.12543748
7.20335272 37.40777782 8.95405710
102.12654388 102.87138902 69.77989325
74.36673871 19.88163549 80.34459837
101.14296633 13.33081803 17.65346629
67.12837190 50.74814515 54.49465251
17.85400152 89.99893722 31.86918580
65.80738587 59.94730086 87.84397929
69.52206224 4.51681728 70.27009047
7.33385978 84.23116208 63.57285047
57.08251189 99.64054367 48.91786331
0.95492966 79.43423210 3.70194398
17.77442404 77.68352772 3.83563413
79.02679544 39.46405969 98.56465626
12.77377573 100.87558603 80.72975333
43.20738395 58.47989229 70.00907637
97.60017730 12.20718414 89.57876817
67.27479444 15.22476186 92.05521908
0.05411268 2.51146500 24.90138240
102.88412141 33.96684795 82.32766896
80.31276738 79.82257016 32.40712951
57.44856826 30.34129835 96.12003633
29.29405883 55.96206109 0.65890146
61.00090659 20.12991720 62.49377995
42.27155289 27.55290375 31.55405902
52.34924388 102.35891010 77.95090803
2.63878896 41.38665140 38.26403142
62.70068138 80.40189415 23.53264989
75.62087966 90.70240207 31.92329849
51.19377899 66.65090707 3.33588761
0.62388738 13.39448001 11.63740944
68.11831564 76.65220369 56.30901887
100.70688179 72.15766810 44.69070802
20.44822709 30.05163635 13.21622647
60.50434317 37.33456655 51.58530015
54.36414546 6.30253575 77.63259814
30.75828430 22.63183291 57.52177953
53.68614540 43.56389102 78.47293624
89.03764136 2.74701432 20.97343840
76.20338675 8.74397257 40.64817247
31.53814352 82.59823237 102.85229042
91.68279652 2.18042272 14.10749416
81.85338723 54.24955390 81.11490830
59.31704729 14.69955054 18.73890300
54.57104689 45.38144047 42.38614444
27.92532631 17.74259306 7.05056398
90.68012038 58.06608944 103.24062848
40.32349638 6.70360620 6.00014135
63.42006172 4.07436654 102.04060021
54.60287788 12.40453626 18.80893117
34.56845364 76.85910512 88.66203570
31.80552383 73.94656966 24.52259363
84.33620434 3.36453550 86.50389467
66.00155490 35.55203119 26.45791774
75.93282335 20.38138201 3.70831017
57.07614569 14.40352235 85.68265516
42.01053878 27.75025588 88.68113429
9.28191628 37.47780600 21.60050888
34.57800294 54.52011731 27.73434038
40.26938370 77.00552767 5.29667651
